1,3333334
1,3333334
1,3333334
1,3333334
1,3333334
1,3333334
1,3333334
1,3333334
1,3333334
1,3333334
1,3333334
1,3333334
1,3333334
1,3333334
1,3333334
1,3333334
1,3333334
1,3333334
1,3333334
1,3333334
1,3333334
1,3333334
1,3333334
1,3333334
1,3333334
1,3333334
1,3333334
1,3333334
1,3333334
1,3333334
1,3333334
1,3333334
1,3333334
1,3333334
1,3333334
1,3333334
1,3333334
1,3333334
1,3333334
1,3333334
1,3333334
1,3333334
1,3333334
1,3333334
1,3333334
1,3333334
1,3333334
1,3333334
1,3333334
1,3333334
1,3333334
1,3333334
1,3333334
1,3333334
1,3333334
1,3333334
1,3333334
1,3333334
1,3333334
1,3333334
1,3333334
1,3333334
1,3333334
1,3333334
1,3333334
1,3333334
1,3333334
1,3333334
1,3333334
1,3333334
1,3333334
1,3333334
1,3333334
1,3333334
1,3333334
1,3333334
1,3333334
1,3333334
1,3333334
1,3333334
1,1428572
1,2857143
1,1428572
1,1428572
1,1428572
1,2857143
1,1428572
1,2857143
1,1428572
1,1428572
1,2857143
1,1428572
1,2857143
1,2857143
1,1428572
1,2857143
1,1428572
1,1428572
1,2857143
1,1428572
1,2857143
1,2857143
1,2857143
1,1428572
1,1428572
1,2857143
1,1428572
1,1428572
1,1428572
1,2857143
1,2857143
1,2857143
1,1428572
1,2857143
1,2857143
1,1428572
1,1428572
1,1428572
1,2857143
1,1428572
1,1428572
1,1428572
1,1428572
1,2857143
1,1428572
1,1428572
1,1428572
1,1428572
1,2857143
1,2857143
1,1428572
1,1428572
1,1428572
1,1428572
1,1428572
1,1428572
1,1428572
1,1428572
1,2857143
1,2857143
1,2857143
1,1428572
1,1428572
1,2857143
1,1428572
1,2857143
1,1428572
1,2857143
1,1428572
1,2857143
1,2857143
1,1428572
1,2857143
1,1428572
1,1428572
1,1428572
1,1428572
1,1428572
1,1428572
1,1428572
